«1111111111 1111111111 11 1111· m 111111
’ 111111 1111 11111111 3111111111111 1111 1111 1111111111 11 1111 ¹
. 111- 111 11111119, 111 111 111 1111113111 1111111111111111
1111111911 11111 11111111. 111111111111111111111111111111 ᾗ
1111, 111 11111 11111111111111111 111111 (1111111 11111111 Α
1111 1111111111 11111111 11111111 1111111 11111 1111111.

- 31111111 11111111 ,1111111111 bie 11111111 1111111111
1111111111, 1111 111 11119711 111 11111111111111111
ι 1111111111 111 11111 1111111111, 111 1111111111 111 So·
1111111 11111111 1111), 111 11131111 1890 111 111111
ι 1111111111 ,111 &eculanum 11111119). 1111111111 3111

“ 11111111111111111 11111, 1111111 1111111111 1111111111, 1111111111
&Quint 11111 1111111111 1111111111,111111101111111111111111 m.

11 11 1111110111 11110111 0111111111 (1111111800
3111111111. 1 580 111111118111111111111111111111111111111
1111111111 11111111111111. 11111111 fflst. du 0111111 1101111111,

’ ·.p 110, Β1111Β111111111111111.1.13, 111 11111111 1111111
Q IX Θ. 181 11111111. 111111111111111111111111111111111111111
1111111111111111111. 31111 Η111.111111111111ο.1111
atque 111³. ’1.11. 1592111 1518. 111111111111111111
1111111111 11111113 111111 11 11111111· 11 1111111.

·)111111. 111111111111111, eorum 1111111111,111111111111111
(111111,1111111111,1113111,111111111, 11111111111111111111111
¹ nomen Evangelio, quue sanguine suo obsIgnnmnt: 1111111111
, · 11Η1111 1111111111111111. 1111111111δό0. 1110111111.
, 111111111111.11 Q 180. 1111.111111111111111111111111
111 1111111111 8111111111 111 11111111. &Itan 1189. 1. Q. 6. 11.

1111111111111 mst. 1111. 1,.1. 1411. 1111111111
mm. Θ. 181. xum. Qum 11111 1111111111, pour 10qu de
1111111111111111 Ie 11111111111111 111111, mmmm
11111111.1.114,1111111111111011111111111111.
[1. 110 111 11 Bayle 0111111111 p. 12 11111111 11111, 'tofi 111111
111111 aud) 11 1111111 111111 11111111 111 111111 1111111 111111, Io 11
111 11111 111, 111 1111111111111 110111 11111111111111111111111
11111 1111111111, 1111 um 11 11111 1111111, 11111 1111 1111, 111 In 111
11111. 11111 1111111111, 111 bae 1111 1111111111 Vnt-e 1118111111

ἢ · 11111 1111111111 11111 liud) 11111 11111111111111111111 Q XXXIV.
1581111111111111 1111111 . -

 

