“ ,111-

’“ 1111 119111111111191191111191111111111 111, 1111111 1111
111 11111111 9111111, 1111111119 91 1111111111 1111 1191111111
11111111 1111111911 ’· ·. 21 1 ·

nt· 11111111911119 1111911111 1111111111 1111111 111111 111
111111 xxm 1111 31111 1111119 1191111 1111191 1111111 1191111
9111119111. 1111111111 911111· et, 111Ι 11111 11111 1111119· 1911Ι
11111, 111 9111 1111111 9111111,-111191111.111111119 1111 11111 1111
’ 11111991191111 1111111911 1191111111,1111 1111111111 1111111
91111 1111111111 111119 111111 1111111111 119. 11111 -11 1111111191,
, 9111111111111911 1111911111 1111, fes) 111 111 111
111111111111119111111 111 1119111111ὓ11111 111 1111
1991111911 1111119111 9111111119 1111 1111 111111 111 11111191
1111 11 111111 1111111111 11911111.

111 9191111 11111111191919 1911 111111 Ι1111111919 111,
11111119191111111111111 111111 111111 1119 1111,- 111 19-
1111119111911911111 119 11191111111111111111111 111 19111
“ 1111111 1111111111 11111 Θ1.1)111111111111111 11 111 11111111
« 11191991111911111119111111111191111191111911
, y ·’ 1111111 111111111119911111191911111 11 111111 111191, 111
’ 1111111 11111111111111111111111111 11111119119111111171199

- 11111111191111 111 111 111 91111111, 11119 ,111111 ’1111
ν 1 ’ 1111191111 11 11111111 111111911111111111119111919111,
. 11111 91111111 911199111111111111111111 11111111 ’911 111111. ,-.
· ·· 1111 11111111111191 9119 111111,.111·11·111111111111911
, s 1111 191111 11191111 1911111191 11111111 1111 9111111111 1111111111
1119191 1111 111111111111111 11111111 111111911111111111
1111111111111111191911111, 111 11111111 911111111111911119111111
’ 1111111 111111111111111111191111911111111111 91111111, 111
1111111191 11111111111111111911119111111. · ,· .
‘ · ,111111 1111119111 111 1111119911 11111111 11111111191119
91911111 11111, 1911111 111111 111 11111111 111 1191111 91191119
1111911911 1111 111 1111111111 11191111111111111111111111
’ 1111 9111191119 111 1111111119 111 111911111111111, 9111911111

 

